bioinfo_2014-09_34,0,8,2
bioinfo_2014-12_23,4,66,10
bioinfo_2014-02_35,0,5,6
bioinfo_2014-04_66,1,119,6
bioinfo_2014-03_62,0,9,3
bioinfo_2014-06_94,6,92,11
bioinfo_2014-06_29,0,6,3
bioinfo_2014-01_58,1,32,4
bioinfo_2014-07_29,0,8,1
bioinfo_2014-09_20,0,29,6
bioinfo_2014-06_34,11,256,4
bioinfo_2014-05_67,4,50,10
bioinfo_2014-09_49,0,13,1
bioinfo_2014-06_3,3,82,0
bioinfo_2014-05_31,1,29,4
bioinfo_2014-01_30,10,101,4
bioinfo_2014-03_26,4,180,5
bioinfo_2014-10_19,0,16,1
bioinfo_2014-06_42,3,151,6
bioinfo_2014-07_4,1,8,1
bioinfo_2014-12_26,1,59,5
bioinfo_2014-02_42,0,26,6
bioinfo_2014-02_81,1,79,7
bioinfo_2014-04_27,0,46,6
bioinfo_2014-10_57,0,22,7
